0 
0 
0 
0 
0 
0 
0 
0 
0 
0 
0 
0 
0 
39 54 66 
51 54 66 
42 54 66 
42 54 58 66 
49 61 68 
42 49 54 
42 49 54 
49 54 61 
49 54 
42 49 54 
49 53 
37 53 
49 54 
49 54 61 73 
42 49 54 
49 54 
49 61 68 
42 49 54 61 
42 49 54 66 
47 54 
47 54 
47 54 
42 51 
51 54 
51 54 
47 51 54 
49 61 68 
49 68 
42 47 51 54 
42 49 54 
49 54 
42 49 54 
42 49 54 
42 49 61 66 
51 
51 63 
53 65 
53 65 
51 54 66 
54 58 66 
42 54 58 66 73 
42 49 54 66 
42 49 
42 49 54 
49 54 61 
49 54 
49 54 66 
53 56 65 
37 42 
42 49 54 
42 49 73 
42 49 54 
49 54 
42 49 54 
49 54 
49 54 61 
47 51 
47 51 54 
47 51 54 
49 68 
49 68 
42 49 54 
49 54 61 
49 61 68 
44 49 68 
42 49 54 
42 49 54 61 
42 49 54 73 
42 49 54 70 
42 49 54 
42 49 54 
42 49 54 57 
42 49 54 57 
53 65 
53 
51 63 70 75 
53 65 
53 65 
54 66 
54 66 
42 49 54 66 73 
49 61 68 73 
42 49 54 
49 54 61 73 
49 54 
49 53 
49 53 65 
53 65 
49 53 56 65 
49 54 61 
49 54 
49 53 61 68 
54 66 
42 54 
47 54 
47 54 
47 51 54 
47 51 54 66 
47 51 54 
47 51 54 
42 47 51 
42 47 54 
49 54 61 66 
49 54 66 
49 54 66 
42 49 54 66 
42 49 54 66 
42 54 59 66 
51 54 
51 54 63 
53 65 
53 65 
54 66 
54 66 
42 51 54 66 
49 61 66 
42 49 54 
42 49 54 
49 61 68 
49 54 
49 53 65 
37 49 53 65 
42 49 
56 68 
56 68 75 
49 56 68 
49 54 
53 56 65 68 
42 51 54 
47 51 54 
47 51 54 
42 49 54 
49 61 68 
42 47 51 54 
42 47 54 
49 61 68 
49 54 
49 54 
49 54 61 
42 49 54 
42 51 54 
42 51 54 
47 51 54 63 
47 51 54 63 66 
54 66 
54 57 66 
56 68 
56 
58 
54 58 
54 58 
49 61 68 73 
49 54 58 
49 54 
49 54 
49 54 61 
56 
56 68 
49 56 68 
49 56 68 
42 49 54 
49 56 61 68 
54 58 
58 
47 
47 56 
42 47 54 
54 66 
42 47 54 
42 47 54 
49 68 
42 49 54 
47 54 
47 54 
47 54 66 
47 54 66 
47 54 
49 54 
49 
54 66 
56 
56 68 
58 
58 
42 54 58 
49 61 68 73 
42 49 54 58 
49 54 
42 49 54 
49 54 
49 56 61 
49 56 61 
49 56 68 
49 56 61 65 68 
61 
61 
61 68 73 
49 56 61 
49 54 66 
47 54 
47 54 
49 54 
49 54 
49 54 
49 68 
42 49 54 
49 54 66 
49 54 61 66 
42 49 54 61 66 
42 47 54 66 
42 47 54 66 
42 49 54 66 
51 
51 54 63 70 
53 65 
51 63 
51 63 70 
51 
54 66 
54 66 
42 51 54 66 
42 49 66 
49 54 
49 54 
49 54 
42 49 54 
49 53 65 
53 56 65 
49 53 56 65 
49 53 56 68 
42 49 54 61 
42 49 54 61 
42 54 
54 66 
47 54 
53 
48 53 
51 54 
51 54 
47 51 54 
49 54 
47 54 
42 49 54 
42 49 54 
42 49 54 
42 49 54 66 
42 49 54 66 
51 63 
51 54 
53 65 
53 65 72 
54 66 
42 54 66 
42 51 54 66 
49 54 61 66 
42 54 
42 49 54 
49 61 68 
49 54 
53 65 
49 53 65 
49 53 56 65 
56 68 
56 68 
49 56 68 
49 54 
53 56 65 
48 51 
47 51 54 63 
47 51 54 
47 51 54 
49 68 
49 54 
42 47 51 
49 61 68 
49 
49 54 
49 54 
42 49 54 
42 47 51 54 
42 49 54 
42 51 54 63 
49 53 61 
49 76 
54 66 
54 66 
53 65 
54 66 
54 66 
42 49 54 66 
49 54 61 
37 42 49 54 58 61 
49 54 61 66 
53 56 
54 61 66 
54 66 
41 49 53 
41 49 53 58 
41 49 53 
37 42 49 
44 49 53 56 
54 66 
53 56 65 
53 56 65 
23 35 42 
23 54 
51 54 
42 51 54 58 
49 54 61 
49 54 58 
30 42 49 54 
30 42 49 54 
22 42 54 
34 42 49 54 
42 49 54 
37 49 54 61 
35 54 
42 54 
49 53 65 
54 66 
54 66 
27 54 
30 49 54 58 61 
37 49 54 61 
54 66 
53 65 
54 66 
54 66 
37 41 49 53 56 
41 56 
54 66 
54 66 
54 58 66 
54 61 
49 53 56 61 
35 42 51 
23 42 51 54 
23 42 51 54 
37 42 49 
37 49 54 58 
30 42 49 54 58 
37 42 49 54 58 
37 42 49 54 
42 49 58 
30 49 54 
30 49 54 
54 66 
54 
53 65 
54 66 
42 54 66 
42 49 54 
30 42 49 54 
37 49 54 61 
54 58 66 
54 66 
54 66 
42 49 54 66 
41 49 53 
41 44 49 
30 37 49 
44 49 56 
49 56 
54 66 
53 56 65 
53 56 
22 49 53 
35 42 54 
42 51 54 
51 54 
51 54 
49 54 61 
49 54 58 61 
23 35 42 54 
23 26 30 35 
30 35 42 
42 49 54 
49 54 66 
53 
54 66 
54 66 
27 42 54 
42 49 54 58 61 
37 42 49 54 
54 66 
49 54 66 
54 66 
42 54 66 
37 41 44 56 
56 
54 61 66 
56 61 
54 61 66 
54 58 66 
53 56 65 
35 42 51 
23 42 51 54 
42 51 54 
35 51 54 
30 37 54 58 
30 42 49 54 
42 49 54 58 
30 42 49 
30 49 58 
49 54 58 
30 42 49 54 
46 51 54 
46 49 58 65 
47 59 
47 
47 
47 59 
49 61 68 73 
49 61 68 
46 49 54 
46 49 58 
47 59 66 
46 49 54 
47 56 59 
49 61 
49 56 61 68 
37 49 53 56 68 
46 49 
47 51 
47 51 56 
47 51 56 
37 46 49 58 
47 51 
42 46 49 54 
46 53 58 
46 49 58 
49 61 68 73 
46 49 54 61 
46 49 54 58 
46 49 58 
23 42 47 59 
35 47 54 59 
47 59 
47 59 
47 59 
46 49 58 
47 59 
49 61 68 
46 49 54 61 
46 49 54 
46 49 58 
47 56 59 
46 49 54 58 
47 54 59 
47 59 
49 
49 
49 56 68 
47 51 
46 49 58 
44 49 56 
44 49 56 68 
32 44 49 61 
44 53 
44 51 
44 56 
44 53 56 
44 51 56 
39 44 56 
22 39 42 46 
22 39 42 46 
23 39 42 54 
42 46 49 54 
47 54 59 
46 58 
47 
47 54 59 
49 54 
49 54 
46 49 54 58 
49 
47 54 
46 49 58 
47 54 59 
37 49 68 
51 68 
49 56 68 
49 68 
32 47 51 59 
46 49 
32 47 56 
32 49 
46 49 54 
42 46 49 54 
46 49 58 
46 49 73 
42 49 54 
34 46 49 53 58 
47 
22 49 
23 47 
42 46 49 
47 51 59 
46 51 58 
46 58 
47 54 59 
49 54 
37 49 54 
46 49 54 58 
47 59 
46 49 54 58 
46 49 
47 56 
49 53 68 73 
51 63 68 
51 68 
47 51 56 59 68 
47 51 59 
46 51 
44 47 51 56 59 
27 32 39 47 
46 53 
39 46 54 58 
39 42 46 
34 39 42 46 58 
34 46 51 58 
39 46 
22 39 42 46 
39 42 46 
22 42 46 49 
39 42 46 54 
47 54 
46 51 
39 46 51 
39 46 51 58 
42 46 49 58 
46 49 54 58 
49 68 73 
46 49 54 73 
46 49 54 58 
46 49 54 58 
49 68 73 
46 49 
37 44 49 53 56 
46 49 54 58 
46 49 58 
47 
46 49 58 
44 47 56 59 
44 49 56 
44 49 56 
44 53 56 61 65 
41 44 
42 46 54 
39 42 46 51 
39 46 51 58 
39 46 
22 42 46 54 
22 34 42 46 49 
35 42 51 
46 49 58 
46 49 54 
42 46 
43 46 
44 49 56 
44 49 68 
49 56 61 
42 49 54 
42 49 54 73 
49 61 68 73 
37 49 56 61 68 
42 49 61 
44 49 61 68 
49 68 
49 56 
49 56 
47 56 59 
47 59 
42 49 54 61 
47 54 
47 59 
47 59 
47 54 59 
46 49 54 58 
46 49 58 
37 42 49 58 61 
46 49 54 61 
42 46 
37 46 49 61 
37 46 49 
47 54 66 
47 56 59 
47 56 59 71 
37 49 61 
54 66 
30 37 54 66 
30 37 54 58 66 
42 49 54 58 73 
54 66 73 
42 54 66 
42 54 66 
42 54 66 
37 54 66 
42 49 54 66 
47 54 
54 66 
47 54 66 
42 54 66 
47 54 66 
47 54 66 
42 46 54 
42 46 54 58 
39 46 54 58 
54 66 
39 46 54 66 
39 46 54 58 
46 54 58 66 
22 42 54 
35 54 66 
35 39 47 51 
47 51 54 
30 42 49 54 66 
47 51 54 
47 51 54 59 
49 54 66 
46 49 54 
46 49 54 
46 49 54 
54 66 
46 49 54 58 66 
46 54 61 66 
49 54 66 
37 46 49 54 66 
32 37 53 56 
47 51 54 
49 54 66 
49 54 66 
37 44 49 
44 47 51 
47 54 66 
27 46 54 66 
39 42 46 
54 58 66 
42 54 66 
46 51 54 66 
46 54 58 
42 46 54 
30 35 42 54 66 
23 35 47 54 
35 47 54 66 
47 54 66 
42 47 54 66 
39 47 51 
39 47 51 54 
47 54 59 
46 54 58 
46 54 
54 66 
46 54 58 66 
54 58 66 
49 54 58 66 
49 54 
47 54 
44 47 51 
47 54 59 66 
47 54 59 66 
47 54 59 
47 54 59 66 
44 47 51 59 
44 47 51 59 
44 47 
46 54 
54 66 
42 46 51 66 
46 51 54 58 66 
46 54 58 66 
46 54 
23 47 54 59 
42 47 54 
49 54 
47 51 54 59 
42 47 54 59 
47 54 59 
47 54 59 
49 54 
46 54 58 66 
46 54 58 66 
49 54 58 66 
46 54 58 66 
46 54 58 66 
46 54 58 66 
46 54 58 66 
44 51 56 
44 56 63 
37 44 56 
44 53 56 
44 56 68 
44 56 
45 54 66 
54 66 73 
44 56 63 68 
37 44 49 56 
46 54 58 
54 58 61 66 
46 49 54 66 
42 49 54 58 
42 46 49 58 61 66 
42 46 49 54 66 
42 46 49 54 66 
42 49 54 66 
37 49 54 66 
49 54 66 
37 49 54 66 
44 49 
37 49 54 66 
37 49 54 66 
37 54 66 
37 49 54 66 
37 46 49 54 66 
42 49 54 66 
37 49 54 
37 49 54 66 
37 49 54 66 
46 49 54 66 
37 42 46 49 54 61 
42 46 49 61 66 
46 54 61 66 
37 58 
49 58 
42 54 58 
27 51 54 58 
39 51 54 58 
42 46 51 54 
42 59 
54 59 
61 
61 
58 61 
53 61 65 
53 61 
53 56 65 
54 66 
54 66 
34 49 54 66 
22 42 49 54 
23 42 54 
58 
42 58 
30 42 49 58 
23 56 
22 42 58 
54 
54 66 
54 66 
53 65 
53 65 
49 53 
49 61 68 73 
49 61 68 
49 54 58 
49 54 58 
42 54 58 
51 54 58 
51 54 58 
27 54 59 
51 59 
59 
54 61 
61 
49 54 58 61 73 
53 61 65 
44 53 61 
53 
54 61 66 
49 54 61 66 
54 63 
35 42 63 
35 42 54 
30 35 42 
35 42 54 
42 49 54 
23 35 42 54 
23 42 54 
42 49 54 61 
35 42 47 54 
23 42 47 54 
23 35 54 
23 35 54 63 
49 54 61 
35 42 54 
58 
49 58 61 
49 54 58 
51 54 58 
51 54 63 
49 54 58 
59 
51 59 
61 
61 
44 61 
53 56 61 65 
53 61 65 
53 56 
54 61 66 
54 61 66 
42 49 54 
42 49 54 
23 42 54 
49 54 58 
22 54 58 
23 42 
56 
42 58 
54 66 
54 58 66 
53 56 
53 65 
53 56 65 
49 68 
49 53 61 68 
49 53 68 
49 54 58 
42 49 54 58 
49 54 58 
51 54 58 
51 54 58 
59 
54 59 
59 
61 
61 73 
49 61 
53 61 65 
53 65 
54 66 
54 61 66 
54 66 
42 49 
23 42 51 54 
35 42 51 54 
42 51 54 
23 51 54 
23 42 51 54 
23 42 51 54 
22 49 54 
23 30 47 54 
35 42 54 
42 49 54 
42 51 54 
42 51 54 63 
42 49 54 
42 54 
42 49 54 
49 54 66 
42 49 54 
42 49 54 66 
42 49 54 66 
39 42 51 66 
42 49 54 66 
51 54 58 66 
39 51 54 58 
39 51 54 
49 53 
42 49 54 
49 53 56 65 68 
49 56 61 65 
49 56 61 65 
49 53 56 61 
49 53 61 
49 53 56 61 
49 53 
49 53 
47 54 
42 49 54 
51 
47 51 
51 
47 51 
47 51 54 63 
47 51 54 63 
47 51 63 66 
42 51 66 
49 53 68 
49 53 70 
16 49 52 
51 
51 
51 
54 66 
54 66 
54 66 
39 51 54 66 
39 42 51 66 
39 42 51 58 66 
39 51 54 66 
39 42 51 54 
39 51 54 
49 53 65 
49 53 56 
49 53 56 61 68 
42 49 54 61 66 
49 56 61 
42 49 54 61 
42 49 54 61 
42 49 54 61 
41 49 53 56 61 
47 51 54 
51 54 
47 51 
51 54 
51 54 63 70 
47 51 63 
47 51 63 
47 51 54 
47 51 54 
49 54 66 
42 49 54 70 
49 54 
47 51 63 
53 65 
51 
51 
53 65 72 
51 54 66 
54 66 
54 66 
39 51 54 66 
39 42 54 66 
39 42 51 66 
39 42 51 54 66 
42 51 54 
49 53 
53 56 65 
49 53 56 65 
49 53 56 61 
49 53 56 61 
49 53 61 
49 53 56 61 
54 66 
54 66 
53 
49 53 
49 53 
51 54 66 
51 54 66 
47 51 
47 51 54 
47 54 
47 51 54 63 
47 51 54 
42 49 54 66 
49 54 
42 49 54 
51 63 70 
51 54 
51 55 
54 66 
51 54 58 66 
54 66 73 
39 54 66 
39 42 51 54 66 
39 51 54 58 66 
51 54 58 66 
53 65 
49 53 65 
49 53 56 65 
56 68 
56 68 
56 68 
54 66 
53 56 65 
53 
47 51 
42 47 51 54 
47 51 54 
49 54 
47 51 54 63 
47 51 56 
47 51 
47 51 
49 
42 49 
49 53 56 
42 47 51 63 
49 56 
51 63 
51 70 
54 66 
54 57 66 
56 68 
58 
58 
58 
49 54 58 
42 49 58 
49 54 58 
49 54 73 
42 49 54 
49 56 
56 61 68 
37 49 56 61 
49 56 61 68 
42 49 54 
49 54 
49 54 58 
58 
54 58 
47 56 
47 54 
54 61 66 
49 54 66 
42 49 54 66 
47 54 
42 49 54 66 
47 54 
47 54 
42 47 54 
49 54 61 
49 54 
49 54 
47 54 
47 54 
47 54 66 
47 56 
56 
58 
54 58 
49 54 58 
42 49 54 
49 54 58 
44 49 61 68 
42 49 54 61 
56 68 
56 61 68 
49 56 61 68 
42 49 61 
61 
61 
54 61 
54 61 
54 66 
47 54 66 
42 54 66 
42 49 54 
47 54 
49 68 
49 68 
49 54 66 
42 49 54 66 
42 49 54 61 66 
49 54 61 66 
49 54 66 73 
49 52 
51 54 66 
53 65 
51 63 70 
51 54 
53 
54 66 
54 66 
49 54 66 
42 49 54 66 
42 49 54 66 
42 49 66 
42 51 54 
53 65 
49 53 56 65 
42 49 
49 53 56 68 
42 49 54 
49 53 61 68 
49 54 66 
54 66 
47 54 
47 54 66 
51 54 
47 51 54 
42 51 54 
49 54 
47 51 54 
47 51 54 
47 51 54 
47 51 54 
47 51 54 66 
47 54 
47 54 
47 51 54 
51 
47 51 
53 65 
54 66 
42 54 66 
39 51 54 66 
49 54 66 
49 54 66 
49 54 61 66 
49 54 
49 53 
37 53 61 65 
42 49 54 61 
56 68 
56 68 
42 54 
54 
53 56 68 
47 51 
47 51 54 63 
51 54 
51 63 68 
49 54 
42 47 51 54 
49 
42 49 54 
49 54 
42 47 63 
42 49 
47 51 63 
42 51 63 70 
51 63 70 
54 66 
53 
54 66 
54 66 
54 66 
39 42 54 
42 49 54 58 
37 49 54 
54 66 
54 66 
54 66 
41 53 56 
41 49 53 56 
37 49 53 56 
37 49 54 58 
56 68 
54 66 
54 66 
53 65 
53 65 
23 35 42 54 
51 
42 51 
30 35 51 
37 53 56 61 
30 37 42 58 61 
23 35 42 
22 42 49 54 
23 42 54 
37 49 54 61 
49 54 66 
53 65 
54 66 
54 66 73 
27 42 54 
42 49 54 
37 42 49 61 
49 54 66 
49 54 66 
54 66 
54 66 
41 44 53 56 
41 49 53 56 
49 56 
49 56 
54 66 
54 66 
49 54 58 66 
51 54 
23 35 42 51 54 
22 49 54 
42 49 54 58 
49 54 58 
30 37 42 49 
49 54 58 61 
49 54 58 61 
49 54 58 61 
42 49 54 58 
30 54 
54 66 
54 66 
54 66 
54 66 
54 61 66 
42 49 54 
37 49 54 
54 66 
54 66 
54 66 
54 66 
41 
41 49 53 
41 49 53 
37 41 49 53 56 
49 56 
54 66 
53 56 
53 56 65 
53 
35 42 54 
51 54 
42 51 54 
35 51 54 
30 42 51 54 
37 42 49 54 61 
30 42 49 61 
22 34 49 54 
35 42 54 
37 54 58 
49 54 
53 65 
54 66 
42 54 66 
42 49 54 66 
49 61 66 
37 54 66 
54 66 
54 66 
54 66 
41 53 56 
41 49 56 
49 56 
54 58 66 
56 68 
54 66 
49 53 
35 42 51 54 
35 42 51 54 
42 51 54 
37 42 49 
37 42 49 
35 56 
37 49 56 
30 42 49 58 
49 54 58 61 
42 49 54 58 
35 42 54 
35 42 51 54 
46 51 
46 51 58 
47 59 
46 58 65 
46 58 
47 59 
49 68 73 
49 68 
46 49 54 58 
47 59 
47 54 59 
46 49 54 
46 58 61 66 
46 49 73 
37 49 53 68 
46 49 53 
46 49 58 
47 51 59 
47 
47 56 59 
47 
46 49 54 
42 46 49 54 
42 46 51 54 58 
49 68 73 
49 53 68 
46 49 54 
47 51 59 
23 42 47 59 
42 47 54 59 71 
46 51 58 
47 59 
46 49 58 
47 54 
47 51 
49 61 68 
49 54 61 
46 49 54 58 
46 49 54 58 
47 54 59 
47 54 
37 49 58 
37 49 56 
44 51 63 
51 63 68 
49 61 68 
47 51 56 59 
46 49 
44 49 56 
44 47 56 63 
44 47 51 56 
44 51 
44 51 
44 53 
46 51 58 
34 46 49 53 
46 53 65 
22 34 46 53 
35 42 54 
46 49 54 
47 54 59 
46 49 54 58 
46 54 58 
46 54 58 
49 61 68 73 
49 56 61 68 
46 49 54 58 
47 59 
47 59 
49 54 58 
49 56 
49 56 68 
44 51 56 59 
49 68 
49 56 68 
37 49 56 
49 58 
37 46 49 
46 49 
32 49 
46 49 
46 49 58 
49 61 68 73 
49 53 68 
46 49 53 58 65 
42 47 
35 42 47 
47 59 
46 49 
47 54 
46 49 54 58 
47 51 54 
46 49 
49 68 
30 49 54 58 
46 49 54 58 
46 49 58 
47 
47 54 
47 59 
37 49 56 
49 
49 61 68 
37 49 68 
32 47 51 59 
46 49 58 
44 49 56 
44 49 
32 39 44 
39 51 54 
39 46 51 58 
39 46 
39 46 51 58 63 
39 46 58 
39 42 46 51 
23 35 39 42 
23 47 
39 46 58 
47 51 59 
46 49 58 
44 47 56 
44 49 
30 42 46 49 54 
46 49 54 58 
42 49 54 73 
42 49 54 61 73 
46 49 54 58 
49 68 
49 68 73 
37 46 49 
37 42 49 54 
42 46 49 58 
47 54 59 
47 59 
44 47 
44 47 56 63 68 
44 47 56 63 68 
44 53 56 
44 56 
44 53 
44 53 56 
39 44 51 
39 46 51 58 63 
39 42 46 51 
22 39 42 
23 35 39 42 
39 42 46 51 
47 59 
47 
44 47 63 
44 49 56 
44 49 61 68 73 
37 49 61 68 
37 42 49 54 
49 61 68 73 
49 61 68 73 
42 49 61 
49 54 
42 49 
37 44 49 53 
32 41 44 49 56 
32 49 56 
47 59 66 
49 61 66 
46 49 54 
47 54 59 
27 47 
27 47 56 
27 42 54 
46 49 58 65 
46 49 58 65 
46 49 58 
46 49 54 
22 37 42 46 49 
22 42 46 49 58 
23 42 54 
47 54 
47 59 66 
37 42 49 
49 54 
37 49 54 
37 54 61 66 
42 54 58 
49 54 73 
54 66 
54 66 
54 66 
49 54 61 66 
49 54 66 
32 37 41 56 
47 54 
47 54 
54 66 
47 54 66 
47 54 59 66 
47 54 59 66 
54 66 
42 46 51 54 66 
46 54 58 
46 54 58 66 
42 46 54 66 
46 54 66 
39 46 54 58 
22 39 42 46 54 
22 46 49 54 
30 47 54 
35 42 47 54 
47 54 66 
30 42 47 54 66 
35 47 54 66 
35 39 47 51 
49 54 58 66 
46 49 54 58 
46 49 54 
49 54 66 
54 66 
49 54 66 
49 61 68 73 
49 54 66 
49 54 66 
44 47 51 
47 54 66 
47 54 66 
44 49 56 
47 51 56 59 
47 54 
49 54 
46 54 
46 49 54 58 
54 66 
46 51 54 58 66 
39 46 51 54 
46 53 58 
35 42 54 66 
22 39 42 46 54 
23 42 47 54 
42 47 54 
42 47 54 
39 42 47 54 
47 54 
42 47 54 
49 54 58 66 
46 49 54 
46 49 58 61 
54 66 
46 54 58 66 
49 54 58 66 
54 58 66 
49 54 58 66 
47 54 59 66 
44 47 59 
47 54 59 66 
47 54 59 
44 47 59 63 
47 54 66 
44 47 63 
44 47 
46 51 54 58 66 
46 58 66 
46 51 54 58 
46 54 
46 54 66 
46 54 66 
39 46 54 66 
47 54 
35 47 54 
47 54 
51 54 58 66 
42 51 54 59 66 
47 54 59 66 
47 54 59 66 
47 54 66 
42 47 51 54 
42 46 54 58 
42 46 54 
54 58 66 
54 58 66 
46 54 58 66 
46 54 58 66 
46 54 58 66 
44 49 
44 51 56 
37 44 56 73 
44 51 56 63 
44 56 63 68 
44 56 68 
44 56 63 
44 56 63 
44 56 61 
44 49 
46 54 58 
54 66 
49 54 58 66 
49 54 
46 49 54 66 
37 44 49 56 
44 49 53 56 
37 42 46 49 54 66 
46 49 54 
49 54 58 66 
49 54 58 66 
46 49 54 66 
42 49 66 
37 42 46 49 54 
37 46 49 65 
42 49 54 58 66 
46 49 54 58 66 
37 49 54 
37 49 54 58 
37 46 49 54 66 
37 46 49 54 66 
46 54 66 
42 46 54 66 
46 54 58 66 
46 54 58 66 
42 46 54 
30 46 54 58 66 
58 
58 
59 
58 
59 
59 
61 
42 54 61 
58 61 
58 
58 
59 
59 
61 
37 49 61 
61 73 
59 
58 61 
58 61 
56 59 
54 66 
54 66 
46 54 61 66 
46 54 66 
42 46 54 66 
42 46 51 66 
39 42 46 54 
27 34 39 42 46 
22 39 42 
23 35 51 54 
22 42 49 
23 35 39 54 
22 39 42 54 
23 39 54 
39 42 51 54 
39 42 51 54 
58 
58 
42 59 
58 
56 59 
49 54 66 
54 66 
49 58 66 
58 66 
58 
61 73 
61 
44 49 61 
44 53 61 
44 49 61 
37 49 58 
59 
58 
56 59 
53 56 68 
42 54 
34 42 54 
54 66 
46 54 61 66 
34 39 46 54 66 
34 42 46 66 
34 42 46 49 
23 39 54 
35 42 54 
35 42 54 
35 39 42 47 
35 39 42 51 
35 39 42 51 
23 35 39 42 54 
39 51 54 
22 46 51 54 58 
58 
58 
59 
58 
58 
56 59 
56 61 
49 54 61 
54 61 
61 66 
61 
49 61 68 73 
61 68 73 
54 61 
49 61 
49 54 61 
54 61 66 
59 66 
59 68 
49 54 66 
46 49 54 
54 59 
42 49 54 
49 54 66 
58 70 
58 
49 58 
49 54 58 66 
54 58 
49 58 
47 54 
54 66 
54 66 
47 54 59 66 
49 54 66 
49 54 66 
49 54 61 
42 49 54 61 
54 61 66 
61 66 
61 
49 54 61 
54 61 66 
49 54 61 
37 49 61 68 
49 54 61 
54 59 
54 59 
59 68 
49 54 66 
42 59 
54 59 
49 54 
49 54 66 
58 
58 
54 58 
49 58 
42 49 58 
30 42 49 58 
42 49 54 58 66 
39 59 
59 
49 54 
49 54 66 
61 
49 61 68 
49 54 61 
66 
54 66 
54 66 
61 66 73 
61 66 
44 49 
49 54 66 
56 59 
66 
54 66 
54 59 66 
54 59 66 
42 46 54 66 
42 46 54 
58 
58 66 
46 54 58 66 
46 54 58 66 
58 
23 35 39 42 66 
22 42 51 54 
23 54 59 66 
35 59 66 
54 66 
39 54 59 66 
35 42 59 66 
39 51 54 59 
42 49 66 
49 54 66 
49 61 66 
61 
66 
54 61 66 
61 66 73 
61 66 
49 54 66 
32 49 56 
54 59 66 
49 66 
44 59 
51 54 59 66 
59 66 
42 54 59 66 
46 54 
58 66 
66 
58 66 
54 58 66 
58 66 
49 66 
22 49 54 66 
35 54 66 
35 54 59 66 
35 42 59 66 
39 54 59 66 
54 59 66 
42 51 54 66 
42 59 
42 54 59 
42 51 59 
39 42 51 54 59 
22 39 54 
39 42 54 59 66 
39 54 59 
61 66 
61 66 
54 61 66 
61 66 
61 66 
54 61 
61 66 
61 66 
42 49 61 66 
61 66 
37 44 61 
59 66 
44 59 
44 59 
59 66 
37 54 66 
44 59 
54 59 66 
46 54 66 
46 54 58 66 
54 58 66 
54 58 66 
54 58 66 
46 54 58 66 
34 46 66 
23 35 42 54 59 66 
35 42 54 66 
35 39 66 
46 49 54 58 
35 54 59 66 
54 59 66 
54 59 
54 61 66 
61 66 
37 54 61 66 
61 66 
54 61 66 
61 66 
61 66 
54 61 66 
54 61 66 
61 66 
61 66 
37 61 66 
37 44 61 
59 66 71 
51 54 66 
59 66 
54 59 66 
54 59 66 
59 66 
54 59 66 
51 58 66 
58 66 
54 58 66 
58 66 
54 58 66 
46 66 
22 46 66 
42 54 59 66 
58 66 
49 54 58 
54 59 66 
51 54 59 66 
54 59 66 
58 61 66 
54 58 
49 54 58 66 
58 66 70 
58 66 
58 66 70 
58 66 
54 58 66 
56 
56 68 
54 66 
66 
56 68 
54 66 73 
66 
56 68 80 
54 66 
54 66 73 
46 49 54 58 
49 54 58 66 73 
49 54 61 66 
37 54 61 66 73 
37 42 46 54 66 
37 42 46 49 54 
44 49 53 68 
42 49 54 58 66 
37 46 49 54 58 
49 54 66 
49 54 66 
46 49 66 
46 49 54 66 
46 49 54 58 66 
49 58 66 
49 54 58 66 
42 49 54 58 66 
42 49 58 61 66 
42 49 66 
46 54 58 61 66 
46 49 54 
46 49 54 58 66 
46 54 61 66 
42 46 49 61 66 
30 46 49 54 66 
30 42 46 54 61 
30 46 54 58 61 
42 46 54 58 66 
42 46 54 
27 30 42 46 58 
42 46 49 
42 46 49 61 
42 46 54 58 66 
46 49 54 
25 46 54 61 
30 37 46 
46 49 58 
42 46 49 
46 49 53 
30 46 49 54 
30 42 49 
30 42 49 61 
30 46 49 
30 37 42 
0 
0 
0 
0 
0 
0 
0 
0 
0 
0 
0 
0 
0 
0 
0 
0 
0 
0 
0 
0 
0 
0 
0 
0 
0 
0 
0 
0 
0 
0 
0 
0 
0 
0 
0 
0 
0 
0 
0 
47 
42 50 62 69 
50 62 74 
50 62 
50 62 
50 62 69 78 
50 62 69 
57 
38 57 69 
50 57 69 
38 50 57 
42 49 57 
49 57 
38 50 57 
38 45 57 
33 38 42 45 50 57 
33 38 42 57 
33 38 42 45 
26 33 38 45 57 
33 38 42 45 57 
33 38 42 50 57 
33 42 50 57 
57 
38 42 45 57 
33 49 52 57 
57 
57 
38 57 
49 57 
47 
49 54 57 
35 47 54 
39 47 51 
55 
55 
47 55 
47 55 
42 47 51 54 
47 54 
54 57 
54 57 
54 57 
55 
55 
50 55 
35 47 50 55 
40 47 52 55 
40 47 52 55 
35 40 47 
35 43 47 55 
28 40 43 55 
35 40 43 55 
47 54 59 
35 40 47 52 
55 
52 55 
43 55 
35 43 50 55 
54 
54 66 
54 
46 54 
46 49 54 
40 49 52 
40 49 52 
46 49 53 
52 64 
52 64 71 
46 49 53 
41 46 49 53 
41 46 49 53 
37 46 49 61 
49 52 64 
49 52 61 
52 
35 50 62 
26 38 42 50 
26 38 42 50 
26 42 47 50 
42 47 
38 47 
35 38 47 50 
35 38 42 47 
35 38 42 47 50 
38 42 47 50 
38 42 47 
35 38 47 54 
26 35 47 50 
26 35 42 47 50 
35 42 47 50 
26 42 47 50 
26 42 47 50 
26 35 42 47 50 
57 
57 
57 
30 33 38 57 
45 50 57 
38 45 50 57 
38 45 57 
33 42 49 57 
26 33 38 45 57 
26 38 42 45 57 
33 38 42 45 
33 38 42 50 57 
33 54 
54 66 
54 
60 72 
30 50 54 
27 39 54 59 
42 59 
30 54 59 
47 54 
47 51 59 
39 47 51 54 
47 51 54 
49 57 
42 57 
49 54 57 
35 47 
47 59 
54 57 
47 56 
55 
55 
28 43 55 
35 47 55 
35 47 52 55 
40 47 52 59 
43 47 50 59 
43 47 50 55 
43 47 50 55 
43 47 
43 47 
43 47 52 
55 
47 55 
35 50 55 
35 47 52 55 
47 52 55 
54 
54 
49 54 
49 54 
40 49 52 
37 40 49 52 
34 37 46 53 
52 64 
49 52 64 
52 64 
40 49 52 
40 49 52 68 
37 49 53 68 
46 49 53 61 
49 52 
50 62 69 
26 35 38 50 
26 38 42 50 
26 38 47 50 
35 47 54 
27 35 47 
26 35 38 47 50 
26 38 42 47 50 
26 38 47 
26 38 42 47 
26 38 42 47 
26 35 47 54 
26 35 42 47 
26 35 47 
26 35 38 47 
26 30 42 47 
26 30 35 42 
26 38 42 
54 
54 
38 54 
26 33 38 42 54 
33 38 50 54 
33 38 50 54 
33 38 45 50 
33 38 42 50 
33 52 64 
37 49 52 64 
33 49 52 
33 37 49 52 
33 49 52 61 
37 45 49 52 
33 37 42 45 49 
30 34 42 49 
23 35 50 62 74 
26 38 42 50 62 
26 35 38 42 50 
26 38 47 
42 47 50 54 
26 42 47 54 
38 47 50 54 
38 42 47 
38 47 50 
38 42 47 
47 50 54 
54 
55 
35 47 55 
50 55 59 
47 50 54 59 
57 
54 57 
55 
47 54 
49 52 64 
52 57 
49 52 57 
40 49 52 
54 59 
55 
55 
54 66 
54 66 
54 
54 66 
38 50 54 
42 47 54 
38 42 47 50 54 
38 42 47 54 
47 50 
47 50 54 
35 38 47 50 54 
38 42 47 
38 42 47 
38 47 50 
42 47 50 
47 54 
47 54 
54 
54 66 
38 54 
33 42 45 54 
33 38 50 54 
33 38 50 54 
33 38 42 45 50 57 
57 
57 
37 45 49 57 
33 37 42 49 57 
54 57 
54 57 
54 57 
33 45 49 54 
26 35 38 50 54 
26 30 35 42 50 
35 47 50 54 
35 38 47 
26 35 47 
26 42 47 
23 26 38 47 
26 38 42 47 
38 42 47 50 54 
42 50 54 
54 
54 59 
59 71 
47 59 
47 50 59 
43 55 59 
38 50 55 59 
47 59 62 
47 62 
61 73 
46 53 61 
61 
37 61 64 
62 
64 
49 66 
47 66 78 
47 50 54 66 
38 47 54 66 
38 42 47 54 
38 47 50 54 
47 50 54 
38 47 54 59 
47 50 54 59 
38 47 50 59 
38 47 50 54 
38 47 50 54 59 
38 47 50 54 
47 50 59 
54 66 
38 54 66 
38 54 66 
38 50 54 66 
38 45 50 
33 38 45 50 
33 38 42 50 
52 64 
37 64 
33 37 42 45 49 
33 37 49 52 57 
33 50 62 
33 62 
33 61 
35 62 
23 38 50 
38 42 50 
26 38 42 47 50 
26 47 50 54 
26 38 47 50 
26 38 42 47 
26 38 47 
26 38 42 50 
26 38 50 62 
26 54 66 
26 47 55 67 
26 47 54 66 
54 59 71 
47 50 59 71 
38 47 
57 69 
38 57 66 
50 54 66 
43 64 
52 64 
46 54 66 
49 52 64 
54 59 66 
54 66 
46 54 66 
54 66 
49 54 66 
38 50 54 66 
42 46 54 66 
38 47 54 66 
38 47 50 54 
38 47 50 
38 42 47 59 
38 47 50 59 
38 42 47 50 59 
38 47 50 59 
38 50 
38 50 
38 47 
62 74 
38 47 62 
38 47 54 62 
38 43 47 
38 43 47 62 
38 47 62 
38 47 62 
61 
49 61 
34 49 61 
40 49 61 
49 54 61 
57 61 
57 61 
54 57 61 
54 57 
38 47 50 54 
38 42 50 54 
38 42 47 50 
42 47 50 
64 
49 52 64 
47 62 
38 47 62 
61 
54 61 
35 38 47 54 
47 54 59 66 71 
47 54 59 
47 50 59 62 
38 43 50 55 
43 47 50 59 
38 43 47 59 62 
43 50 59 62 
61 
49 61 
34 49 61 
47 59 
47 50 59 
47 52 59 
58 
46 58 70 
46 58 
46 53 58 
46 49 53 58 
37 46 49 58 
46 
35 42 47 59 
47 59 
47 59 
26 47 59 
26 42 47 59 
26 38 42 47 
35 47 54 
35 47 50 
38 42 47 
42 47 54 
42 47 50 54 
42 47 50 54 
42 47 54 
47 
50 54 
42 47 54 
42 47 54 
42 47 54 59 
38 42 47 59 
26 42 50 59 
26 38 47 50 
26 35 42 47 
57 
57 
57 
28 57 
27 46 51 
27 42 51 
27 30 47 
47 54 
39 47 51 54 
39 42 47 51 54 
42 47 51 54 
47 51 54 
47 51 54 
47 51 54 
47 51 
47 51 
54 
54 
47 54 
54 63 66 
57 
57 
54 57 69 
57 69 
57 
57 
57 
28 56 
56 
40 56 
47 56 
28 40 44 56 
28 47 56 
47 56 
35 47 52 
35 47 52 56 
35 47 51 54 
28 35 47 56 
28 32 35 40 44 
28 32 44 
32 35 47 
40 47 52 
47 54 
47 54 
47 54 
35 47 54 
52 64 
52 
37 40 44 52 
32 47 52 
40 49 52 
37 44 49 56 
28 37 49 52 
32 37 49 52 
32 37 40 44 49 
28 37 44 49 52 
28 32 37 44 52 56 
32 37 49 56 
28 32 44 49 56 
28 37 44 49 52 56 
28 40 44 56 
28 32 44 49 56 
33 40 
28 57 
57 
25 28 33 57 
28 33 37 57 
25 33 37 40 45 57 
28 33 40 57 
28 33 37 57 
33 37 57 
56 
56 
57 
37 57 
37 57 
37 56 
37 40 56 
37 57 
54 57 
54 57 
35 39 54 
42 54 
42 47 54 
47 56 
35 47 54 
35 47 54 
35 39 42 47 
27 35 42 47 
35 47 51 
35 47 54 
35 42 47 54 
35 42 47 54 
30 35 47 51 54 
35 39 42 47 
35 47 54 
47 54 
28 35 47 
56 
47 56 
32 44 47 56 
40 47 56 
35 47 52 56 
35 47 52 
35 47 52 
35 40 47 59 
28 47 59 71 
35 47 59 62 
61 73 
61 
63 
35 59 63 
35 47 63 
64 
35 64 
28 32 37 44 56 64 
28 49 56 64 
37 44 49 64 
32 49 56 64 
28 32 49 56 64 
49 56 
32 37 56 
28 37 40 49 56 
28 32 49 56 
28 44 49 56 
32 37 40 49 56 
28 32 37 49 56 
28 32 37 44 49 
61 73 
40 61 73 
33 37 40 61 
25 33 37 61 
30 33 37 45 61 
33 37 45 
33 37 40 45 49 
37 64 
33 37 40 64 
45 66 
37 45 66 
28 33 
28 37 64 68 
22 37 66 
28 33 37 
37 42 66 
35 42 66 
27 35 39 42 51 
35 42 47 66 
47 66 
42 47 
42 47 54 
39 42 47 
47 59 
42 47 59 
27 35 47 59 
27 35 42 59 
27 35 47 59 
35 47 54 
35 42 47 
35 42 47 54 
28 35 47 59 
27 35 39 47 54 
27 47 51 
27 47 51 59 
27 39 47 59 
56 
56 
32 44 51 56 
40 47 56 
47 52 56 
47 56 
47 52 56 
40 44 47 
28 44 47 
32 44 47 51 56 
35 47 54 
44 47 52 
54 66 
47 54 66 
47 54 
37 54 
52 64 
37 52 
32 37 44 52 
37 49 52 
28 32 44 49 52 
28 32 44 49 52 
28 32 37 49 52 
29 32 37 49 
28 37 44 49 
28 37 40 44 
28 37 49 
28 37 49 
28 37 44 49 52 
37 44 49 52 56 
37 40 44 49 52 
53 
53 65 
29 37 53 65 
29 37 53 56 
44 49 53 
37 44 49 53 
29 32 37 49 53 56 
37 54 
49 54 
54 
56 
56 
57 
57 
56 
56 
56 
33 57 
33 38 42 45 50 57 
33 38 50 57 
33 42 45 50 57 
38 54 66 
42 54 
30 54 
33 49 54 
33 38 45 54 
33 38 50 54 57 
30 33 38 42 50 
30 33 38 54 
42 59 71 
42 59 
38 50 59 
38 42 59 
38 42 47 54 59 
42 47 59 
26 42 45 
42 47 62 
38 47 62 
26 62 
42 61 
54 61 
38 47 54 
26 47 54 
47 56 
28 35 56 
32 35 56 
32 35 44 56 
47 51 56 
47 51 56 59 
57 
42 57 
57 
40 57 
28 47 59 
47 59 71 
47 59 
47 59 62 
61 73 
61 73 
28 61 
33 45 49 61 
33 45 49 57 61 
33 37 49 61 
28 33 45 49 61 
33 37 49 
37 40 49 
45 52 57 
33 49 52 57 
33 45 52 57 64 
33 37 52 57 
33 40 45 49 57 
33 38 54 57 
33 54 57 
26 38 42 54 
33 45 54 
33 38 50 54 57 
33 38 45 54 57 
33 38 45 50 54 
26 38 42 54 
26 38 45 
26 33 38 42 45 
26 33 38 42 
33 38 42 45 50 54 
33 38 50 54 
33 38 45 50 54 
33 42 45 50 
33 38 42 50 
33 37 42 
56 
56 
29 37 56 
32 44 56 
32 44 47 56 
47 56 
44 47 56 
29 48 53 
57 
57 
47 59 
47 59 
61 
61 
29 32 61 
44 59 
37 61 
37 52 61 
33 42 45 49 61 
33 42 45 49 
33 37 42 49 61 
33 42 45 49 
49 57 
49 57 
33 37 49 57 
33 37 42 49 57 
33 37 49 57 
33 42 45 57 
33 37 42 49 57 
33 37 42 45 49 57 
33 37 49 
56 
49 56 
29 37 49 56 
29 32 37 44 56 
47 56 
47 56 
32 35 47 51 56 
29 32 53 56 
37 57 
57 
29 57 
56 
44 47 56 
47 56 
44 47 56 
47 54 
54 
47 54 
29 32 41 48 56 
32 48 56 
32 47 56 
54 
54 
54 
54 
37 42 49 54 
37 42 49 54 58 
33 37 42 45 49 54 
33 37 49 54 
33 49 54 
33 49 54 
33 42 45 49 54 
33 42 54 
45 54 
45 54 
45 49 54 
45 49 54 
45 49 54 
45 54 
54 
54 
45 54 
42 49 54 
26 38 45 54 
38 53 
38 45 53 
26 38 53 
26 38 45 53 
26 43 
26 38 43 46 
34 46 50 53 
34 38 46 50 53 
38 46 50 53 
38 43 46 50 55 
43 50 55 
43 46 50 
46 50 
43 46 
38 43 46 50 62 
38 46 50 53 62 
53 62 
38 50 53 62 
46 50 53 
26 34 46 50 53 
26 38 46 50 53 
54 
54 
54 
38 54 
26 38 42 45 54 
26 30 42 54 
33 42 45 
33 45 54 
33 38 50 54 57 
38 50 57 
38 42 50 54 
38 42 45 54 
45 54 
45 54 57 
38 45 50 54 
42 45 50 54 62 
42 45 50 54 
38 45 50 54 62 
54 
54 
54 
50 54 
50 54 
26 50 54 
52 64 
52 64 
52 
26 
26 43 50 
26 43 50 
26 38 43 46 
34 38 43 46 50 
26 38 43 46 
38 46 50 
38 41 46 50 
38 46 50 
38 50 
43 52 55 
43 52 55 
38 43 55 
43 46 55 
43 46 58 
46 
43 46 
38 43 46 
37 52 64 
52 
52 
52 
26 
26 31 38 
26 31 38 
26 34 38 43 46 
43 52 
46 50 62 
26 50 62 69 
50 
50 62 
50 62 
46 50 
46 50 62 
38 50 
46 50 62 
38 50 
26 50 
26 57 
38 57 
38 57 
38 42 57 
38 42 57 
26 38 45 57 
33 42 45 49 57 
38 50 57 
33 38 45 50 
33 38 42 
33 38 42 
38 45 57 
33 38 42 
26 33 38 42 45 
33 38 50 
33 57 
57 
33 49 57 
33 38 57 
49 57 
42 57 
33 49 57 
47 54 
47 51 54 
39 42 47 51 
47 
39 42 47 54 
55 
47 55 
35 42 47 
35 47 55 
47 54 
47 54 
54 57 
54 57 
55 
55 
55 
28 43 47 55 
35 43 47 
40 47 52 55 59 
40 47 52 
40 47 52 
28 40 47 
28 40 47 
43 47 50 
47 52 
55 
40 52 55 
47 50 55 
43 47 55 
54 66 
54 66 
49 54 
46 49 54 
40 49 52 
46 49 
46 49 53 
52 64 
49 52 64 
49 52 
49 52 
54 
52 64 
49 52 
49 52 
35 42 50 54 62 
26 38 42 50 62 
26 38 42 50 
26 38 47 
35 42 47 
26 35 38 47 
26 38 42 47 
26 38 42 47 
26 42 47 50 
26 35 38 47 
26 35 42 47 
26 35 42 47 
26 47 
26 35 42 47 50 
26 35 47 50 
26 35 47 50 
26 35 47 50 
26 57 
57 
57 
26 30 42 57 
33 45 57 
38 50 57 
33 45 52 57 
33 38 42 45 57 
30 33 38 57 
33 38 45 57 
33 38 42 
33 38 45 50 57 
33 38 50 54 
38 54 57 
33 54 
33 54 62 
33 38 50 54 
27 54 59 
39 42 54 59 
35 47 54 
39 47 51 54 
35 39 47 51 
35 47 51 
27 35 39 47 
47 64 
62 
47 62 
47 62 
62 
47 62 
60 72 
28 43 60 72 
28 43 47 
40 43 47 52 
47 52 
47 50 
43 47 50 
28 40 47 55 
40 47 
47 50 54 
47 54 
47 52 
47 54 
47 59 
42 50 59 
34 49 53 
42 46 
46 50 
49 52 
34 46 49 53 
57 69 
49 57 
42 57 
46 49 
57 61 
49 54 57 
55 
23 55 
28 55 
57 
47 54 
47 50 
28 35 47 
35 42 47 54 
28 35 40 47 
28 35 47 
28 35 43 47 
35 43 47 50 
35 43 50 55 
35 43 50 55 
28 35 43 47 
28 35 43 
28 35 55 
54 
54 66 
54 66 
30 34 49 54 
33 42 45 49 54 
33 38 50 57 62 
33 38 45 50 57 
33 38 45 50 
52 64 
37 52 64 
33 37 45 49 52 
33 37 45 49 52 64 
33 37 45 49 52 57 
33 45 49 52 57 61 
33 49 52 57 
35 42 50 74 
35 38 42 50 62 74 
26 35 38 42 50 62 
35 38 42 47 
42 47 62 
26 42 47 
26 38 47 
26 38 47 50 
26 38 42 47 
26 38 47 
26 38 47 50 
47 54 
26 54 
26 38 54 59 
26 47 50 59 
26 47 50 59 
50 57 
54 57 
47 54 
54 
52 57 64 
52 
52 57 64 
52 59 64 
54 59 
55 
54 
54 
54 
38 47 54 
42 50 54 57 
42 47 50 54 66 
42 47 50 
42 47 50 
42 47 
38 47 50 
38 42 47 50 
42 47 50 59 
38 47 50 54 
38 47 54 
38 47 50 
0
0
0
0
0
0
0
0
0
0
0
0
